%YAML:1.0
---
cameraMatrix1: !!opencv-matrix
   rows: 3
   cols: 3
   dt: d
   data: [ 507.32796601985922, 0., 759.107404571865, 0.,
       496.02756502997937, 646.18438589499817, 0., 0., 1. ]
distCoeffs1: !!opencv-matrix
   rows: 1
   cols: 5
   dt: d
   data: [ -0.18101152539224033, 0.038159211575173123,
       -0.0026759923386988228, -0.025464540870120709,
       0.0030938759478854111 ]
cameraMatrix2: !!opencv-matrix
   rows: 3
   cols: 3
   dt: d
   data: [ 711.90920258156518, 0., 820.84889787393433, 0.,
       712.21194422406495, 599.00961191956048, 0., 0., 1. ]
distCoeffs2: !!opencv-matrix
   rows: 1
   cols: 5
   dt: d
   data: [ -0.15202790030518432, 0.15959674485335834,
       0.00170428215243441, -0.010693776036262558, -0.082901269784735832 ]
R: !!opencv-matrix
   rows: 3
   cols: 3
   dt: d
   data: [ -0.99649022221206252, 0.028040417460805402,
       0.078873138801355325, 0.03990442900404724, -0.66915608894195933,
       0.74204970532826264, 0.073585824596963362, 0.742592663322581,
       0.66568856291651912 ]
T: !!opencv-matrix
   rows: 3
   cols: 1
   dt: d
   data: [ 0.072850540327162441, -0.74264771599839097,
       0.57689370515093741 ]
R1: !!opencv-matrix
   rows: 3
   cols: 3
   dt: d
   data: [ 0.063378022143942531, -0.98322761867700326,
       0.17101659621180548, 0.93128448453851587, 0.11986450990225123,
       0.34400829659141086, -0.35873727875278427, 0.13746253721157253,
       0.92326140160650316 ]
R2: !!opencv-matrix
   rows: 3
   cols: 3
   dt: d
   data: [ -0.077237076525948967, 0.7873646264638916,
       -0.61163009981777483, -0.89752181791817054, 0.21222556406281143,
       0.38654223096459217, 0.4341532222275763, 0.57880675095544465,
       0.69028524877605146 ]
P1: !!opencv-matrix
   rows: 3
   cols: 4
   dt: d
   data: [ 604.11975462702219, 0., 774.95444178581238, 0., 0.,
       604.11975462702219, 216.70576667785645, 0., 0., 0., 1., 0. ]
P2: !!opencv-matrix
   rows: 3
   cols: 4
   dt: d
   data: [ 604.11975462702219, 0., 774.95444178581238,
       -569.80989605562536, 0., 604.11975462702219, 216.70576667785645,
       0., 0., 0., 1., 0. ]
Q: !!opencv-matrix
   rows: 4
   cols: 4
   dt: d
   data: [ 1., 0., 0., -774.95444178581238, 0., 1., 0.,
       -216.70576667785645, 0., 0., 0., 604.11975462702219, 0., 0.,
       1.0602128162548574, 0. ]
frame_width: 1600
frame_height: 1200
