%YAML:1.0
---
cameraMatrix1: !!opencv-matrix
   rows: 3
   cols: 3
   dt: d
   data: [ 744.39669078227803, 0., 845.01844457038646, 0.,
       740.24796899072351, 622.95886240517268, 0., 0., 1. ]
distCoeffs1: !!opencv-matrix
   rows: 1
   cols: 5
   dt: d
   data: [ -0.11688835716548462, 0.1383702675750203,
       0.0073534020160804323, 0.015956163590625894,
       -0.082669542546544572 ]
cameraMatrix2: !!opencv-matrix
   rows: 3
   cols: 3
   dt: d
   data: [ 741.0347426794126, 0., 835.99522806852883, 0.,
       732.53889593377073, 575.98401049133656, 0., 0., 1. ]
distCoeffs2: !!opencv-matrix
   rows: 1
   cols: 5
   dt: d
   data: [ -0.081145064850277782, 0.1071626753395591,
       -0.0036929657554351661, -0.019093567768526252,
       -0.10797615626130225 ]
R: !!opencv-matrix
   rows: 3
   cols: 3
   dt: d
   data: [ 0.69898990887194445, 0.039390035669474015,
       -0.71404588955132864, -2.4367384609057241e-05,
       0.99848321027250619, 0.055057045054569417, 0.71513153104965332,
       -0.038466919474632807, 0.6979306479906946 ]
T: !!opencv-matrix
   rows: 3
   cols: 1
   dt: d
   data: [ 0.46565733981090957, 0.014913063060875358,
       0.21319518122988934 ]
R1: !!opencv-matrix
   rows: 3
   cols: 3
   dt: d
   data: [ 0.93284665725083427, 0.048855899092349803,
       -0.35694567539027933, -0.036939498322788727, 0.99851141410877176,
       0.040130155222246174, 0.35837492590805686, -0.024249886976623548,
       0.93326274728075154 ]
R2: !!opencv-matrix
   rows: 3
   cols: 3
   dt: d
   data: [ 0.90885042785672254, 0.02910668980120423, 0.41610539577548,
       -0.015143708731801681, 0.99920723013614721, -0.0368181929145764,
       -0.41684717567772811, 0.027160851467969177, 0.90857070185926436 ]
P1: !!opencv-matrix
   rows: 3
   cols: 4
   dt: d
   data: [ 736.39343246224712, 0., 773.23391723632812, 0., 0.,
       736.39343246224712, 596.16844177246094, 0., 0., 0., 1., 0. ]
P2: !!opencv-matrix
   rows: 3
   cols: 4
   dt: d
   data: [ 736.39343246224712, 0., 773.23391723632812,
       377.29751376499678, 0., 736.39343246224712, 596.16844177246094,
       0., 0., 0., 1., 0. ]
Q: !!opencv-matrix
   rows: 4
   cols: 4
   dt: d
   data: [ 1., 0., 0., -773.23391723632812, 0., 1., 0.,
       -596.16844177246094, 0., 0., 0., 736.39343246224712, 0., 0.,
       -1.9517579777133558, 0. ]
frame_width: 1600
frame_height: 1200
