%YAML:1.0
---
cameraMatrix1: !!opencv-matrix
   rows: 3
   cols: 3
   dt: d
   data: [ 733.83262147452103, 0., 860.58269996866829, 0.,
       734.7670285525553, 597.2088387507489, 0., 0., 1. ]
distCoeffs1: !!opencv-matrix
   rows: 1
   cols: 5
   dt: d
   data: [ -0.07081389590330138, 0.052200138826837987,
       0.0055564652288426228, -0.010396576421539308,
       -0.028166811632181481 ]
cameraMatrix2: !!opencv-matrix
   rows: 3
   cols: 3
   dt: d
   data: [ 754.02556855356113, 0., 776.09455573154321, 0.,
       752.67971887538931, 672.45373406173985, 0., 0., 1. ]
distCoeffs2: !!opencv-matrix
   rows: 1
   cols: 5
   dt: d
   data: [ -0.070490796717379192, 0.16118061307494691,
       0.023839480582529327, 0.005451944771724046, -0.13857010644862894 ]
R: !!opencv-matrix
   rows: 3
   cols: 3
   dt: d
   data: [ -0.015716653952760975, -0.78859380650174138,
       0.61471358788920816, 0.78068669940579871, 0.37444353380918372,
       0.50032021482183853, -0.62472495080587997, 0.48776208169104818,
       0.60975969652397166 ]
T: !!opencv-matrix
   rows: 3
   cols: 1
   dt: d
   data: [ -0.53747175776645217, -0.49394812914354086,
       0.31637344011415858 ]
R1: !!opencv-matrix
   rows: 3
   cols: 3
   dt: d
   data: [ 0.7225112113160399, -0.49423634289246265, 0.48343353926565008,
       0.50660206345446035, 0.85430574276799132, 0.11625853593312507,
       -0.4704592424709198, 0.16091033291219967, 0.86762662818505831 ]
R2: !!opencv-matrix
   rows: 3
   cols: 3
   dt: d
   data: [ 0.67556942569578871, 0.62086286229389542,
       -0.39766224021057583, -0.61019660518257834, 0.77355324977888951,
       0.17110076791229098, 0.4138430307359528, 0.12706170147117746,
       0.90143733555390904 ]
P1: !!opencv-matrix
   rows: 3
   cols: 4
   dt: d
   data: [ 743.72337371397225, 0., 629.4557192325592, 0., 0.,
       743.72337371397225, 298.01597428321838, 0., 0., 0., 1., 0. ]
P2: !!opencv-matrix
   rows: 3
   cols: 4
   dt: d
   data: [ 743.72337371397225, 0., 629.4557192325592,
       -591.69390111216308, 0., 743.72337371397225, 298.01597428321838,
       0., 0., 0., 1., 0. ]
Q: !!opencv-matrix
   rows: 4
   cols: 4
   dt: d
   data: [ 1., 0., 0., -629.4557192325592, 0., 1., 0.,
       -298.01597428321838, 0., 0., 0., 743.72337371397225, 0., 0.,
       1.2569393943659899, 0. ]
frame_width: 1600
frame_height: 1200
