%YAML:1.0
---
cameraMatrix1: !!opencv-matrix
   rows: 3
   cols: 3
   dt: d
   data: [ 733.55141802104947, 0., 883.11255423623084, 0.,
       730.51833794491188, 578.06357319733763, 0., 0., 1. ]
distCoeffs1: !!opencv-matrix
   rows: 1
   cols: 5
   dt: d
   data: [ -0.098936286397743822, 0.09670567666041413,
       6.8891289309641024e-05, -0.0012420919749127079,
       -0.031629613265919322 ]
cameraMatrix2: !!opencv-matrix
   rows: 3
   cols: 3
   dt: d
   data: [ 677.68892074623761, 0., 814.05765291378543, 0.,
       673.15086125941082, 564.21589724347223, 0., 0., 1. ]
distCoeffs2: !!opencv-matrix
   rows: 1
   cols: 5
   dt: d
   data: [ 0.040849277321692405, -0.24042437307865083,
       -0.011096869891696738, -0.010448019495366818, 0.15881292635685837 ]
R: !!opencv-matrix
   rows: 3
   cols: 3
   dt: d
   data: [ -0.096406331951742336, -0.85645846544699911,
       0.50713382466936885, 0.79556166302992515, 0.23988539621768934,
       0.55636016841479807, -0.59815337454257556, 0.45709287201361387,
       0.65823904994893434 ]
T: !!opencv-matrix
   rows: 3
   cols: 1
   dt: d
   data: [ -0.56509568179110936, -0.48505857097079941,
       0.27638697957104552 ]
R1: !!opencv-matrix
   rows: 3
   cols: 3
   dt: d
   data: [ 0.62533136903390962, -0.62183171951246985,
       0.47147215348347077, 0.61431328644762817, 0.76484676883209568,
       0.1939809431387968, -0.48122745661079114, 0.16832923933549873,
       0.86028216428602167 ]
R2: !!opencv-matrix
   rows: 3
   cols: 3
   dt: d
   data: [ 0.71138661313817442, 0.61062964219237237,
       -0.34793753278974221, -0.61590888294471891, 0.78012294016872263,
       0.10983827262068657, 0.33850455618438313, 0.13616034040249392,
       0.93106123705365951 ]
P1: !!opencv-matrix
   rows: 3
   cols: 4
   dt: d
   data: [ 701.83459960216135, 0., 314.9348030090332, 0., 0.,
       701.83459960216135, 348.01195001602173, 0., 0., 0., 1., 0. ]
P2: !!opencv-matrix
   rows: 3
   cols: 4
   dt: d
   data: [ 701.83459960216135, 0., 314.9348030090332,
       -557.50796295872999, 0., 701.83459960216135, 348.01195001602173,
       0., 0., 0., 1., 0. ]
Q: !!opencv-matrix
   rows: 4
   cols: 4
   dt: d
   data: [ 1., 0., 0., -314.9348030090332, 0., 1., 0.,
       -348.01195001602173, 0., 0., 0., 701.83459960216135, 0., 0.,
       1.2588781618068392, 0. ]
frame_width: 1600
frame_height: 1200
