%YAML:1.0
---
cameraMatrix1: !!opencv-matrix
   rows: 3
   cols: 3
   dt: d
   data: [ 197.02733748512105, 0., 311.99699937583972, 0.,
       188.03571809732102, 234.93373730964868, 0., 0., 1. ]
distCoeffs1: !!opencv-matrix
   rows: 1
   cols: 5
   dt: d
   data: [ -0.18689331482107507, 0.032994588285797218,
       0.020771944573323035, -0.0096934533630490538,
       -0.0013498537352132625 ]
cameraMatrix2: !!opencv-matrix
   rows: 3
   cols: 3
   dt: d
   data: [ 223.75470602800095, 0., 384.8121225712884, 0.,
       214.40056361529659, 249.27365039836113, 0., 0., 1. ]
distCoeffs2: !!opencv-matrix
   rows: 1
   cols: 5
   dt: d
   data: [ -0.082116435573333563, -0.019964571671893066,
       0.015881760683427913, 0.025625490875362894, 0.0063444957243973532 ]
R: !!opencv-matrix
   rows: 3
   cols: 3
   dt: d
   data: [ 0.8893509774865993, 0.31234753965757384, 0.33390695307748625,
       -0.25498877149078863, 0.94500030946965485, -0.20482954258571881,
       -0.37952017766812957, 0.097022830159281398, 0.92008206436743156 ]
T: !!opencv-matrix
   rows: 3
   cols: 1
   dt: d
   data: [ -0.36329889904845863, 0.051888105352515534,
       0.10665887167302344 ]
R1: !!opencv-matrix
   rows: 3
   cols: 3
   dt: d
   data: [ 0.9859733702268717, 0.14154112493358761, 0.08844559432780591,
       -0.13352378858772332, 0.9868754985737449, -0.090819316205327474,
       -0.10013945818030592, 0.077735836442125145, 0.99193206856518035 ]
R2: !!opencv-matrix
   rows: 3
   cols: 3
   dt: d
   data: [ 0.9506190016355216, -0.13577200216174545,
       -0.27908686310622943, 0.15917342087494307, 0.98524719737327338,
       0.062863201915574887, 0.26643448691273525, -0.10418216496647151,
       0.95820600117430188 ]
P1: !!opencv-matrix
   rows: 3
   cols: 4
   dt: d
   data: [ 201.21814085630882, 0., 359.1610107421875, 0., 0.,
       201.21814085630882, 278.23154067993164, 0., 0., 0., 1., 0. ]
P2: !!opencv-matrix
   rows: 3
   cols: 4
   dt: d
   data: [ 201.21814085630882, 0., 359.1610107421875,
       -76.899713676986792, 0., 201.21814085630882, 278.23154067993164,
       0., 0., 0., 1., 0. ]
Q: !!opencv-matrix
   rows: 4
   cols: 4
   dt: d
   data: [ 1., 0., 0., -359.1610107421875, 0., 1., 0.,
       -278.23154067993164, 0., 0., 0., 201.21814085630882, 0., 0.,
       2.6166305599200932, 0. ]
frame_width: 640
frame_height: 480
