%YAML:1.0
---
cameraMatrix1: !!opencv-matrix
   rows: 3
   cols: 3
   dt: d
   data: [ 736.81155542992838, 0., 867.24790745598375, 0.,
       737.47496978508707, 575.67100186996674, 0., 0., 1. ]
distCoeffs1: !!opencv-matrix
   rows: 1
   cols: 5
   dt: d
   data: [ -0.091413106475863037, 0.094914119341516542,
       -0.0014176061289983175, -0.0045523490206160356,
       -0.04742163124786905 ]
cameraMatrix2: !!opencv-matrix
   rows: 3
   cols: 3
   dt: d
   data: [ 726.94867619796025, 0., 764.70892786664933, 0.,
       739.66503219667879, 576.10431906231065, 0., 0., 1. ]
distCoeffs2: !!opencv-matrix
   rows: 1
   cols: 5
   dt: d
   data: [ 0.071006403511281874, -0.12708312190162682,
       0.006098216363916973, -0.010524143021324192, 0.049316133873296267 ]
R: !!opencv-matrix
   rows: 3
   cols: 3
   dt: d
   data: [ -0.10618703433247868, -0.78988761692109433,
       0.6039882998654752, 0.82976471712919253, 0.26431962962529837,
       0.49155431805880417, -0.54791863259719864, 0.55336487603520634,
       0.62735355743261423 ]
T: !!opencv-matrix
   rows: 3
   cols: 1
   dt: d
   data: [ -0.54468605172909734, -0.44094358611140189,
       0.38395558103845329 ]
R1: !!opencv-matrix
   rows: 3
   cols: 3
   dt: d
   data: [ 0.64876399687013553, -0.65845133794221744,
       0.38150637206630045, 0.65509579999191037, 0.73834245976777335,
       0.16031189892529174, -0.38723993750392749, 0.14591863371817107,
       0.91035871124286849 ]
R2: !!opencv-matrix
   rows: 3
   cols: 3
   dt: d
   data: [ 0.68163761842852966, 0.55181096513152184, -0.4804943453399847,
       -0.55594373494233595, 0.81753579282819311, 0.15020582885874711,
       0.47570654895791348, 0.16474187750962405, 0.86403899974084286 ]
P1: !!opencv-matrix
   rows: 3
   cols: 4
   dt: d
   data: [ 738.57000099088293, 0., 1134.1645545959473, 0., 0.,
       738.57000099088293, 226.03250843286514, 0., 0., 0., 1., 0. ]
P2: !!opencv-matrix
   rows: 3
   cols: 4
   dt: d
   data: [ 738.57000099088293, 0., 1134.1645545959473,
       -590.17983586752393, 0., 738.57000099088293, 226.03250843286514,
       0., 0., 0., 1., 0. ]
Q: !!opencv-matrix
   rows: 4
   cols: 4
   dt: d
   data: [ 1., 0., 0., -1134.1645545959473, 0., 1., 0.,
       -226.03250843286514, 0., 0., 0., 738.57000099088293, 0., 0.,
       1.2514321162891573, 0. ]
frame_width: 1600
frame_height: 1200
