%YAML:1.0
---
cameraMatrix1: !!opencv-matrix
   rows: 3
   cols: 3
   dt: d
   data: [ 731.35850337536601, 0., 799.5, 0., 731.35850337536601, 599.5,
       0., 0., 1. ]
distCoeffs1: !!opencv-matrix
   rows: 1
   cols: 5
   dt: d
   data: [ -0.08805710729032741, 0.078453595164082318, 0., 0.,
       -0.039276676350029453 ]
cameraMatrix2: !!opencv-matrix
   rows: 3
   cols: 3
   dt: d
   data: [ 805.1343599291481, 0., 799.5, 0., 805.1343599291481, 599.5,
       0., 0., 1. ]
distCoeffs2: !!opencv-matrix
   rows: 1
   cols: 5
   dt: d
   data: [ -0.0072456359499973528, 0.12901429850772586, 0., 0.,
       -0.13607913400359531 ]
R: !!opencv-matrix
   rows: 3
   cols: 3
   dt: d
   data: [ 0.69968080542921485, 0.0057269648884985605,
       0.71443262270636221, -0.0017478008891664795, 0.999978600779453,
       -0.0063042188429056432, -0.71445343844506559,
       0.003162254944390533, 0.69967584239967129 ]
T: !!opencv-matrix
   rows: 3
   cols: 1
   dt: d
   data: [ -0.79491688666715687, -0.001976189843868745,
       0.32187964644026434 ]
R1: !!opencv-matrix
   rows: 3
   cols: 3
   dt: d
   data: [ 0.91667329855932533, 0.0064256618326720798,
       0.39958575372300054, -0.0050513998831699007, 0.99997715134764553,
       -0.0044922312794853057, -0.39960548928610401,
       0.0020994410351844518, 0.91668481239723465 ]
R2: !!opencv-matrix
   rows: 3
   cols: 3
   dt: d
   data: [ 0.92689260941956664, 0.0023042858842430101,
       -0.37531957165854074, -0.0010169300785388248, 0.99999290146632802,
       0.0036280670018903568, 0.37532526754350315,
       -0.0029811547290472984, 0.92688837313879346 ]
P1: !!opencv-matrix
   rows: 3
   cols: 4
   dt: d
   data: [ 768.24643165225712, 0., 692.46765518188477, 0., 0.,
       768.24643165225712, 601.47090148925781, 0., 0., 0., 1., 0. ]
P2: !!opencv-matrix
   rows: 3
   cols: 4
   dt: d
   data: [ 768.24643165225712, 0., 692.46765518188477,
       -658.85956521391495, 0., 768.24643165225712, 601.47090148925781,
       0., 0., 0., 1., 0. ]
Q: !!opencv-matrix
   rows: 4
   cols: 4
   dt: d
   data: [ 1., 0., 0., -692.46765518188477, 0., 1., 0.,
       -601.47090148925781, 0., 0., 0., 768.24643165225712, 0., 0.,
       1.1660245554799331, 0. ]
frame_width: 1600
frame_height: 1200
