%YAML:1.0
---
cameraMatrix1: !!opencv-matrix
   rows: 3
   cols: 3
   dt: d
   data: [ 767.82478346991911, 0., 808.12571097044156, 0.,
       747.48964452049529, 599.29958583297696, 0., 0., 1. ]
distCoeffs1: !!opencv-matrix
   rows: 1
   cols: 14
   dt: d
   data: [ 1.5486214118491617, -1.8790093136279382, 0., 0.,
       0.18956928215239888, 1.6699879322312985, -1.9388599500574275,
       0.16416983593158063, 0., 0., 0., 0., 0., 0. ]
cameraMatrix2: !!opencv-matrix
   rows: 3
   cols: 3
   dt: d
   data: [ 767.82478346991911, 0., 868.32094276453392, 0.,
       747.48964452049529, 591.71244081929092, 0., 0., 1. ]
distCoeffs2: !!opencv-matrix
   rows: 1
   cols: 14
   dt: d
   data: [ -0.17577555036143408, 0.90579194956874276, 0., 0.,
       -0.23102927002970339, -0.08269440070541545, 0.77649600294111543,
       -0.14567750023337581, 0., 0., 0., 0., 0., 0. ]
R: !!opencv-matrix
   rows: 3
   cols: 3
   dt: d
   data: [ 0.72380931272998417, 0.0047393853892234005,
       0.68998378026695695, -0.0091046935690948759, 0.99995495332631168,
       0.0026825124765559889, -0.68993998533231926,
       -0.0082237183990219332, 0.72381985817973571 ]
T: !!opencv-matrix
   rows: 3
   cols: 1
   dt: d
   data: [ -0.82527397836730387, -0.00025312747066974322,
       0.27934541100734345 ]
R1: !!opencv-matrix
   rows: 3
   cols: 3
   dt: d
   data: [ 0.90680321573932987, 0.0074163772338499941,
       0.42148893849487401, -0.008387265451025647, 0.99996472521584301,
       0.00044955784648165181, -0.42147073647296607,
       -0.0039428001126779397, 0.90683343157616714 ]
R2: !!opencv-matrix
   rows: 3
   cols: 3
   dt: d
   data: [ 0.94720829255892725, 0.00029052708019120503,
       -0.32061872387871793, -0.0010213750109999739, 0.99999724955751279,
       -0.0021113196101875992, 0.32061722863983594,
       0.0023273313956403987, 0.94720598405409473 ]
P1: !!opencv-matrix
   rows: 3
   cols: 4
   dt: d
   data: [ 2086.298108793862, 0., 592.03755950927734, 0., 0.,
       2086.298108793862, 591.99559783935547, 0., 0., 0., 1., 0. ]
P2: !!opencv-matrix
   rows: 3
   cols: 4
   dt: d
   data: [ 2086.298108793862, 0., 592.03755950927734,
       -1817.7285332385109, 0., 2086.298108793862, 591.99559783935547,
       0., 0., 0., 1., 0. ]
Q: !!opencv-matrix
   rows: 4
   cols: 4
   dt: d
   data: [ 1., 0., 0., -592.03755950927734, 0., 1., 0.,
       -591.99559783935547, 0., 0., 0., 2086.298108793862, 0., 0.,
       1.1477501016484903, 0. ]
frame_width: 1600
frame_height: 1200
