%YAML:1.0
---
cameraMatrix1: !!opencv-matrix
   rows: 3
   cols: 3
   dt: d
   data: [ 717.51444422276029, 0., 851.28870170920993, 0.,
       723.10053128081506, 623.77831525386227, 0., 0., 1. ]
distCoeffs1: !!opencv-matrix
   rows: 1
   cols: 5
   dt: d
   data: [ -0.13943333245461006, 0.19458809824340009,
       0.0074859040155162756, -0.0034842397497071255,
       -0.088553298564038305 ]
cameraMatrix2: !!opencv-matrix
   rows: 3
   cols: 3
   dt: d
   data: [ 726.21083304462047, 0., 827.57520597083055, 0.,
       735.50068013265559, 632.00714771415403, 0., 0., 1. ]
distCoeffs2: !!opencv-matrix
   rows: 1
   cols: 5
   dt: d
   data: [ -0.082572342733298734, 0.12026862326589013,
       0.010531470532399567, 0.00097134068540987643,
       -0.059735924960573401 ]
R: !!opencv-matrix
   rows: 3
   cols: 3
   dt: d
   data: [ -0.17367359512508532, -0.79876801463744984,
       0.57602703161264457, 0.68522414990474334, 0.32209449320869077,
       0.65324038594682643, -0.70732266098552921, 0.50815823936721072,
       0.49139582519550051 ]
T: !!opencv-matrix
   rows: 3
   cols: 1
   dt: d
   data: [ -0.498898192564246, -0.44610787852983508, 0.4194415606086711 ]
R1: !!opencv-matrix
   rows: 3
   cols: 3
   dt: d
   data: [ 0.65294334400357557, -0.59247359822634327,
       0.47184745938296418, 0.55743468425321563, 0.79766603527906688,
       0.23020744765035808, -0.51276852703041964, 0.1127117188534718,
       0.85109606162885598 ]
R2: !!opencv-matrix
   rows: 3
   cols: 3
   dt: d
   data: [ 0.63164683321660331, 0.56480988094592366,
       -0.53104809242976114, -0.6013560882800999, 0.78927234697877924,
       0.12417736260311876, 0.48927817565868748, 0.24091276570672024,
       0.83819323914217136 ]
P1: !!opencv-matrix
   rows: 3
   cols: 4
   dt: d
   data: [ 729.30060570673527, 0., 2290.6389150619507, 0., 0.,
       729.30060570673527, -63.723133563995361, 0., 0., 0., 1., 0. ]
P2: !!opencv-matrix
   rows: 3
   cols: 4
   dt: d
   data: [ 729.30060570673527, 0., 2290.6389150619507,
       -576.02877888303999, 0., 729.30060570673527, -63.723133563995361,
       0., 0., 0., 1., 0. ]
Q: !!opencv-matrix
   rows: 4
   cols: 4
   dt: d
   data: [ 1., 0., 0., -2290.6389150619507, 0., 1., 0.,
       63.723133563995361, 0., 0., 0., 729.30060570673527, 0., 0.,
       1.2660836271425537, 0. ]
frame_width: 1600
frame_height: 1200
