%YAML:1.0
---
cameraMatrix1: !!opencv-matrix
   rows: 3
   cols: 3
   dt: d
   data: [ 773.40230117785984, 0., 799.5, 0., 753.64411588748067, 599.5,
       0., 0., 1. ]
distCoeffs1: !!opencv-matrix
   rows: 1
   cols: 5
   dt: d
   data: [ -0.055783456661433049, -0.038049747900433119, 0., 0.,
       0.05536733014903443 ]
cameraMatrix2: !!opencv-matrix
   rows: 3
   cols: 3
   dt: d
   data: [ 773.40230117785984, 0., 799.5, 0., 753.64411588748067, 599.5,
       0., 0., 1. ]
distCoeffs2: !!opencv-matrix
   rows: 1
   cols: 5
   dt: d
   data: [ -0.063869672661394858, 0.26277782184127152, 0., 0.,
       -0.1985161417967406 ]
R: !!opencv-matrix
   rows: 3
   cols: 3
   dt: d
   data: [ 0.68758869454847549, 0.0039777332833376717,
       0.7260895018983885, -0.00062170704183834181, 0.99998785311775362,
       -0.0048894884497138486, -0.72610013125565354,
       0.0029105420238134732, 0.68758281547436173 ]
T: !!opencv-matrix
   rows: 3
   cols: 1
   dt: d
   data: [ -0.79780475160892417, -0.0029236215570485392,
       0.32688978527892826 ]
R1: !!opencv-matrix
   rows: 3
   cols: 3
   dt: d
   data: [ 0.91154115168495908, 0.0059681294151935063,
       0.41116555086259565, -0.0047008862457822674, 0.99998057370770133,
       -0.004093149853181822, -0.41118199188846105,
       0.0017982320483990138, 0.91155149931758528 ]
R2: !!opencv-matrix
   rows: 3
   cols: 3
   dt: d
   data: [ 0.92533212016488775, 0.003390956156237405,
       -0.37914241230374118, -0.0022266133643223437, 0.99999136304443603,
       0.0035094201026445414, 0.37915103795727556,
       -0.0024031755819124293, 0.92533167846077935 ]
P1: !!opencv-matrix
   rows: 3
   cols: 4
   dt: d
   data: [ 2087.0849016803659, 0., 768.75707626342773, 0., 0.,
       2087.0849016803659, 600.17017364501953, 0., 0., 0., 1., 0. ]
P2: !!opencv-matrix
   rows: 3
   cols: 4
   dt: d
   data: [ 2087.0849016803659, 0., 768.75707626342773,
       -1799.4471555522512, 0., 2087.0849016803659, 600.17017364501953,
       0., 0., 0., 1., 0. ]
Q: !!opencv-matrix
   rows: 4
   cols: 4
   dt: d
   data: [ 1., 0., 0., -768.75707626342773, 0., 1., 0.,
       -600.17017364501953, 0., 0., 0., 2087.0849016803659, 0., 0.,
       1.1598478428447312, 0. ]
frame_width: 1600
frame_height: 1200
