%YAML:1.0
---
cameraMatrix1: !!opencv-matrix
   rows: 3
   cols: 3
   dt: d
   data: [ 711.06549853107458, 0., 841.73328852495206, 0.,
       716.71116978152827, 595.45631291838106, 0., 0., 1. ]
distCoeffs1: !!opencv-matrix
   rows: 1
   cols: 5
   dt: d
   data: [ -0.054161505828434806, -0.006730112706171543,
       0.0043012176840961812, -0.010242443372172103,
       0.022280199143645464 ]
cameraMatrix2: !!opencv-matrix
   rows: 3
   cols: 3
   dt: d
   data: [ 728.45918898282332, 0., 813.44499419033195, 0.,
       711.03713320758857, 629.45223232541343, 0., 0., 1. ]
distCoeffs2: !!opencv-matrix
   rows: 1
   cols: 5
   dt: d
   data: [ -0.14659417900974694, 0.16861340029040697,
       0.022489960843155053, 0.00058997909004894088,
       -0.088730366145666831 ]
R: !!opencv-matrix
   rows: 3
   cols: 3
   dt: d
   data: [ -0.17590959772778333, -0.87146226628931633,
       0.45783111718311376, 0.84542690363550976, 0.10451127439110267,
       0.52376592494588825, -0.50429075347117325, 0.47919819694885774,
       0.71837310918800401 ]
T: !!opencv-matrix
   rows: 3
   cols: 1
   dt: d
   data: [ -0.48018654344068445, -0.54456381381014529,
       0.26835034486489401 ]
R1: !!opencv-matrix
   rows: 3
   cols: 3
   dt: d
   data: [ 0.66048893983379431, -0.63322726338037005,
       0.40345705257070186, 0.63412526733628216, 0.75817391759362185,
       0.15184681757096066, -0.40204415887178258, 0.15554916776552541,
       0.90231089471674508 ]
R2: !!opencv-matrix
   rows: 3
   cols: 3
   dt: d
   data: [ 0.62036251542567711, 0.70353278732974778,
       -0.34668713071985002, -0.7027484830245222, 0.69487647247410111,
       0.15261473588314711, 0.3482742009702407, 0.1489573937540043,
       0.9254819154281485 ]
P1: !!opencv-matrix
   rows: 3
   cols: 4
   dt: d
   data: [ 713.87415149455842, 0., 702.78372001647949, 0., 0.,
       713.87415149455842, 229.13862156867981, 0., 0., 0., 1., 0. ]
P2: !!opencv-matrix
   rows: 3
   cols: 4
   dt: d
   data: [ 713.87415149455842, 0., 702.78372001647949,
       -552.56846236527974, 0., 713.87415149455842, 229.13862156867981,
       0., 0., 0., 1., 0. ]
Q: !!opencv-matrix
   rows: 4
   cols: 4
   dt: d
   data: [ 1., 0., 0., -702.78372001647949, 0., 1., 0.,
       -229.13862156867981, 0., 0., 0., 713.87415149455842, 0., 0.,
       1.2919198255340283, 0. ]
frame_width: 1600
frame_height: 1200
